# Created by Octave 6.4.0, Wed Nov 17 22:53:51 2021 -03 <mateus@avell>
# name: imc_controller
# type: class
# classname: tf
# length: 5
# name: den
# type: cell
# rows: 1
# columns: 1
# name: <cell-element>
# type: cell
# rows: 1
# columns: 1
# name: <cell-element>
# type: class
# classname: tfpoly
# length: 1
# name: poly
# type: cell
# rows: 1
# columns: 1
# name: <cell-element>
# type: matrix
# rows: 1
# columns: 7
 1 -1.4722025715323084 0.47220257153230838 0 0 0 0













# name: inv
# type: cell
# rows: 1
# columns: 1
# name: <cell-element>
# type: bool
1





# name: lti
# type: cell
# rows: 1
# columns: 1
# name: <cell-element>
# type: class
# classname: lti
# length: 8
# name: ingroup
# type: cell
# rows: 1
# columns: 1
# name: <cell-element>
# type: scalar struct
# ndims: 2
 1 1
# length: 0





# name: inname
# type: cell
# rows: 1
# columns: 1
# name: <cell-element>
# type: cell
# rows: 1
# columns: 1
# name: <cell-element>
# type: null_string
# elements: 0








# name: name
# type: cell
# rows: 1
# columns: 1
# name: <cell-element>
# type: null_string
# elements: 0





# name: notes
# type: cell
# rows: 1
# columns: 1
# name: <cell-element>
# type: cell
# rows: 0
# columns: 0





# name: outgroup
# type: cell
# rows: 1
# columns: 1
# name: <cell-element>
# type: scalar struct
# ndims: 2
 1 1
# length: 0





# name: outname
# type: cell
# rows: 1
# columns: 1
# name: <cell-element>
# type: cell
# rows: 1
# columns: 1
# name: <cell-element>
# type: null_string
# elements: 0








# name: tsam
# type: cell
# rows: 1
# columns: 1
# name: <cell-element>
# type: scalar
0.14999999999999999





# name: userdata
# type: cell
# rows: 1
# columns: 1
# name: <cell-element>
# type: null_matrix
# rows: 0
# columns: 0










# name: num
# type: cell
# rows: 1
# columns: 1
# name: <cell-element>
# type: cell
# rows: 1
# columns: 1
# name: <cell-element>
# type: class
# classname: tfpoly
# length: 1
# name: poly
# type: cell
# rows: 1
# columns: 1
# name: <cell-element>
# type: matrix
# rows: 1
# columns: 7
 1.7311170867659149 -2.9799725694102634 1.2824430800096438 0 0 0 0













# name: tfvar
# type: cell
# rows: 1
# columns: 1
# name: <cell-element>
# type: string
# elements: 1
# length: 1
z







